{
 "cells": [
  {
   "cell_type": "code",
   "execution_count": 1,
   "metadata": {
    "colab": {
     "base_uri": "https://localhost:8080/",
     "height": 1000
    },
    "colab_type": "code",
    "executionInfo": {
     "elapsed": 288887,
     "status": "ok",
     "timestamp": 1588066794475,
     "user": {
      "displayName": "KULDEEP KURROLIYA",
      "photoUrl": "https://lh3.googleusercontent.com/a-/AOh14GhiT2QiZPec_eeP8xQKEvWfXYtPFvbbgyQ_HcKH=s64",
      "userId": "12096500152655075329"
     },
     "user_tz": -330
    },
    "id": "cA-x3tdS6sOR",
    "outputId": "3a263f73-9298-4294-e13c-6969854a13ef"
   },
   "outputs": [
    {
     "name": "stdout",
     "output_type": "stream",
     "text": [
      "[0, 0.1735, 0.6209, 0.9942, 0.3642, 0.7733000000000001, 0.5556, 0.7007, 0.7281, 0.9407, 1.8088, 1.8215, 2.7643, 2.2446, 2.9581, 3.3516, 2.0906, 1.9825, 1.8147, 1.1781, 1.0167, 1.9424, 1.7530999999999999, 1.4970999999999999, 1.3571, 1.2402, 0.9618, 1.2801, 2.1814999999999998, 2.2439999999999998, 0.8204, 0.3569, 1.3393000000000002, 1.1433, 1.4087, 1.4578, 1.508]\n",
      "[[0, 0.1735, 0.6209, 0.9942, 0.3642, 0.7733000000000001, 0.5556, 0.7007, 0.7281, 0.9407, 1.8088, 1.8215, 2.7643, 2.2446, 2.9581, 3.3516, 2.0906, 1.9825, 1.8147, 1.1781, 1.0167, 1.9424, 1.7530999999999999, 1.4970999999999999, 1.3571, 1.2402, 0.9618, 1.2801, 2.1814999999999998, 2.2439999999999998, 0.8204, 0.3569, 1.3393000000000002, 1.1433, 1.4087, 1.4578, 1.508], [0.1735, 0, 0.7944, 1.1677, 0.5377000000000001, 0.9468000000000001, 0.7291000000000001, 0.8742, 0.9016000000000001, 1.1142, 1.9823, 1.9949999999999999, 2.9377999999999997, 2.4181, 3.1316, 3.5251, 2.2641, 2.156, 1.9882, 1.3516, 1.1902, 2.1159, 1.9266, 1.6705999999999999, 1.5306, 1.4137, 1.1353, 1.4536, 2.355, 2.4175, 0.7754, 0.5304, 1.5128, 1.3168, 1.5822, 1.6313, 1.6815], [0.6209, 0.7944, 0, 1.3005, 0.6705, 1.0796000000000001, 0.8619, 1.1491, 1.0344, 1.2469999999999999, 2.1151, 2.1277999999999997, 3.0705999999999998, 2.5509, 3.2644, 3.6579, 2.3968999999999996, 2.2888, 2.121, 1.4844, 1.323, 2.5633, 2.1863, 1.8034, 1.6634, 1.5465, 1.2681, 1.3444, 1.5606, 2.1042, 1.4413, 0.9778, 0.7184, 0.5224, 0.7878000000000001, 0.8369, 1.1165], [0.9942, 1.1677, 1.3005, 0, 0.63, 0.3137, 0.8214, 1.1086, 0.9939, 1.2065000000000001, 1.3969, 1.4096, 2.3524, 1.9226, 3.2239, 3.2727, 2.3564, 1.5706, 1.5126, 0.7662, 0.6048, 2.6481, 2.1458, 1.0852, 1.055, 0.9380999999999999, 0.6597, 0.5335, 2.6506, 3.2382, 1.8146, 1.3511, 2.0189, 1.8229, 2.0883, 1.041, 0.7614], [0.3642, 0.5377000000000001, 0.6705, 0.63, 0, 0.4091, 0.1914, 0.4786, 0.3639, 0.5765, 1.4445999999999999, 1.4573, 2.4001, 1.8803999999999998, 2.5939, 2.9874, 1.7264, 1.6182999999999998, 1.4505, 0.8139, 0.6525, 2.0181, 1.5158, 1.1329, 0.9929, 0.876, 0.5976, 1.1635, 2.0206, 2.6082, 1.1846, 0.7211000000000001, 1.3889, 1.1928999999999998, 1.4583, 1.5074, 1.3914], [0.7733000000000001, 0.9468000000000001, 1.0796000000000001, 0.3137, 0.4091, 0, 0.6005, 0.8877, 0.773, 0.9714, 1.0832000000000002, 1.0958999999999999, 2.0387, 1.6089000000000002, 3.003, 3.3965, 2.1212999999999997, 1.2569000000000001, 1.1989, 0.4525, 0.2911, 2.4272, 1.9249, 0.7715000000000001, 0.7413000000000001, 0.6244000000000001, 0.34600000000000003, 0.8472, 2.4297, 3.0173, 1.5937000000000001, 1.1302, 1.798, 1.602, 1.8674000000000002, 1.3547, 1.0751], [0.5556, 0.7291, 0.8619, 0.8214, 0.1914, 0.6005, 0, 0.2872, 0.5553, 0.7679, 1.6360000000000001, 1.6487, 2.5915, 2.0718, 2.7853, 3.1788, 1.9178, 1.8097, 1.6419000000000001, 1.0053, 0.8439, 1.8418999999999999, 1.3396, 1.3243, 1.1843000000000001, 1.0674000000000001, 0.789, 1.3549, 2.2119999999999997, 2.5181, 1.0945, 0.631, 1.5803, 1.3843, 1.6497000000000002, 1.6987999999999999, 1.5828], [0.7007, 0.8742, 1.1491, 1.1086, 0.4786, 0.8877, 0.2872, 0, 0.435, 0.6476, 1.9232, 1.9359, 2.8787, 2.109, 3.0725000000000002, 3.466, 1.7974999999999999, 2.0969, 1.9291, 1.2925, 1.1311, 1.5547, 1.0524, 1.6115, 1.4715, 1.3546, 1.0762, 1.6421000000000001, 2.4992, 2.2309, 0.8073, 0.3438, 1.8675000000000002, 1.6715, 1.9369, 1.986, 1.87], [0.7281, 0.9016, 1.0344, 0.9939, 0.3639, 0.773, 0.5553, 0.435, 0, 0.2126, 1.685, 1.6977, 2.6405, 1.674, 2.9578, 3.3513, 1.3624999999999998, 1.8587, 1.6909, 1.0543, 0.8928999999999999, 1.6542, 1.1519, 1.3733, 1.2333, 1.1164, 0.838, 1.5274, 2.3845, 2.6658999999999997, 1.2423, 0.7787999999999999, 1.7528000000000001, 1.5568, 1.8222, 1.8713, 1.7553], [0.9407000000000001, 1.1142, 1.2469999999999999, 1.2065000000000001, 0.5765, 0.9713999999999999, 0.7679, 0.6476, 0.2126, 0, 1.4724, 1.4850999999999999, 2.4278999999999997, 1.4614, 3.1704, 3.5639000000000003, 1.1499, 1.6461, 1.4783, 0.8416999999999999, 0.6802999999999999, 1.6904, 1.1881, 1.1606999999999998, 1.0207, 0.9037999999999999, 0.6254, 1.7400000000000002, 2.5971, 2.8785, 1.4548999999999999, 0.9914, 1.9653999999999998, 1.7693999999999999, 2.0347999999999997, 2.0839, 1.9679000000000002], [1.8088, 1.9823, 2.1151, 1.3969, 1.4445999999999999, 1.0832000000000002, 1.636, 1.9232, 1.685, 1.4724, 0, 0.2957, 1.0537, 0.5257, 4.0385, 4.432, 2.6223, 0.1737, 1.3877000000000002, 0.6307, 0.7921, 3.1628, 2.6605, 0.9497, 0.9301, 1.0470000000000002, 0.847, 1.9304000000000001, 3.4652, 4.0528, 2.6292, 2.1657, 2.8335, 2.6375, 2.9029000000000003, 2.4379, 2.1583], [1.8215000000000001, 1.995, 2.1278, 1.4095999999999997, 1.4573, 1.0958999999999999, 1.6487, 1.9359000000000002, 1.6976999999999998, 1.4850999999999999, 0.2957, 0, 0.9428, 0.8213999999999999, 4.0512, 4.4447, 2.635, 0.46940000000000004, 1.4003999999999999, 0.6434, 0.8048, 3.1754999999999995, 2.6731999999999996, 0.9623999999999999, 0.9428, 1.0596999999999999, 0.8596999999999999, 1.9430999999999998, 3.4779, 4.0655, 2.6418999999999997, 2.1784, 2.8462, 2.6502, 2.9156, 2.4505999999999997, 2.171], [2.7642999999999995, 2.9377999999999993, 3.0705999999999998, 2.3524, 2.4000999999999997, 2.0387, 2.5914999999999995, 2.8786999999999994, 2.6405, 2.4278999999999997, 1.0537, 0.9428, 0, 1.5794000000000001, 4.994, 5.387499999999999, 3.5778, 1.2274, 2.3431999999999995, 1.5861999999999998, 1.7475999999999998, 4.1183, 3.6159999999999997, 1.9051999999999998, 1.8855999999999997, 2.0024999999999995, 1.8024999999999998, 2.8859, 4.4207, 5.008299999999999, 3.5846999999999998, 3.1211999999999995, 3.7889999999999997, 3.593, 3.8584, 3.3933999999999997, 3.1138], [2.2445999999999997, 2.4181, 2.5509, 1.9226, 1.8803999999999998, 1.6089000000000002, 2.0717999999999996, 2.109, 1.674, 1.4614, 0.5257, 0.8213999999999999, 1.5794000000000001, 0, 4.4742999999999995, 4.8678, 2.6113, 0.6993999999999999, 1.9134, 1.1564, 1.3178, 3.1517999999999997, 2.6494999999999997, 1.4754, 1.4558, 1.5612, 1.2828, 2.4561, 3.901, 4.3399, 2.9162999999999997, 2.4528, 3.2693, 3.0732999999999997, 3.3387, 2.9636, 2.684], [2.9581, 3.1315999999999997, 3.2644, 3.2239, 2.5939, 3.003, 2.7853, 3.0725, 2.9578, 3.1704000000000003, 4.0385, 4.0512, 4.994, 4.4742999999999995, 0, 5.581300000000001, 4.3203000000000005, 4.2122, 4.0444, 3.4078, 3.2464, 4.612, 4.1097, 3.7268, 3.5868, 3.4699, 3.1915, 3.7574, 4.6145, 5.1052, 3.6816000000000004, 3.2181, 3.9828, 3.7868000000000004, 4.0522, 4.1013, 3.9853], [3.3516, 3.5251, 3.6579, 3.2727, 2.9874, 3.3965, 3.1788, 3.4659999999999997, 3.3513, 3.5639000000000003, 4.432, 4.4447, 5.3875, 4.8678, 5.581300000000001, 0, 4.7138, 4.605700000000001, 4.4379, 3.8013, 3.6399, 5.0055, 4.5032, 4.1203, 3.9802999999999997, 3.8634, 3.585, 2.7392, 5.008, 5.5956, 4.172, 3.7085, 4.3763000000000005, 4.1803, 4.4456999999999995, 3.2466999999999997, 2.9671], [2.0906, 2.2641, 2.3969, 2.3564, 1.7264, 2.1212999999999997, 1.9178, 1.7974999999999999, 1.3624999999999998, 1.1499, 2.6223, 2.635, 3.5778, 2.6113, 4.3203, 4.7138, 0, 2.7960000000000003, 2.6282000000000005, 1.9915999999999998, 1.8301999999999998, 2.8403, 2.338, 2.3106, 2.1706000000000003, 2.0537, 1.7752999999999999, 2.8899, 3.747, 4.0283999999999995, 2.6048, 2.1412999999999998, 3.1153, 2.9193, 3.1847, 3.2338, 3.1178], [1.9825000000000002, 2.156, 2.2888, 1.5705999999999998, 1.6183, 1.2569, 1.8097, 2.0969, 1.8586999999999998, 1.6461, 0.1737, 0.46940000000000004, 1.2274, 0.6993999999999999, 4.2122, 4.605700000000001, 2.796, 0, 1.5614000000000001, 0.8044, 0.9658, 3.3365, 2.8342, 1.1234, 1.1038000000000001, 1.2207000000000001, 1.0207, 2.1041, 3.6389, 4.226500000000001, 2.8029, 2.3394000000000004, 3.0072, 2.8112000000000004, 3.0766000000000004, 2.6115999999999997, 2.332], [1.8147, 1.9882, 2.121, 1.5126, 1.4505, 1.1989, 1.6419, 1.9291, 1.6909, 1.4783, 1.3877000000000002, 1.4003999999999999, 2.3432, 1.9134000000000002, 4.0443999999999996, 4.4379, 2.6281999999999996, 1.5614000000000001, 0, 0.757, 0.9077999999999999, 3.1687, 2.6664, 1.076, 0.4576, 0.5745, 0.8529, 2.0461, 3.4711, 4.0587, 2.6350999999999996, 2.1715999999999998, 2.8394, 2.6433999999999997, 2.9088, 2.5536, 2.274], [1.1781000000000001, 1.3516000000000001, 1.4844, 0.7662, 0.8139000000000001, 0.4525, 1.0053, 1.2925, 1.0543, 0.8416999999999999, 0.6307, 0.6434, 1.5861999999999998, 1.1564, 3.4078, 3.8013000000000003, 1.9915999999999998, 0.8044, 0.757, 0, 0.1614, 2.5321, 2.0298, 0.319, 0.2994, 0.4163, 0.2163, 1.2997, 2.8345000000000002, 3.4221000000000004, 1.9985000000000002, 1.5350000000000001, 2.2028, 2.0068, 2.2722, 1.8072000000000001, 1.5276], [1.0167, 1.1902, 1.323, 0.6048, 0.6525, 0.2911, 0.8439, 1.1311, 0.8928999999999999, 0.6802999999999999, 0.7921, 0.8048, 1.7475999999999998, 1.3178, 3.2464, 3.6399, 1.8301999999999998, 0.9658, 0.9077999999999999, 0.1614, 0, 2.3707, 1.8683999999999998, 0.4804, 0.4502, 0.3333, 0.0549, 1.1383, 2.6731, 3.2607, 1.8371, 1.3736, 2.0414, 1.8454, 2.1108, 1.6458000000000002, 1.3662], [1.9424, 2.1159, 2.5633, 2.6481, 2.0181, 2.4272, 1.8418999999999999, 1.5547, 1.6542, 1.6904, 3.1628, 3.1754999999999995, 4.1183, 3.1517999999999997, 4.612, 5.0055, 2.8403, 3.3365, 3.1687000000000003, 2.5321, 2.3707, 0, 0.5023, 2.8510999999999997, 2.7111, 2.5942, 2.3158, 3.1816, 4.0387, 3.4726, 2.049, 1.5855, 3.2817, 3.0857, 3.3511, 3.4002, 3.4095], [1.7530999999999999, 1.9265999999999999, 2.1863, 2.1458, 1.5158, 1.9249, 1.3396, 1.0524, 1.1519, 1.1881, 2.6605, 2.6731999999999996, 3.6159999999999997, 2.6494999999999997, 4.1097, 4.5032, 2.338, 2.8342, 2.6664000000000003, 2.0298, 1.8683999999999998, 0.5023, 0, 2.3487999999999998, 2.2088, 2.0919, 1.8135, 2.6793, 3.5364, 3.2832999999999997, 1.8597, 1.3961999999999999, 2.9047, 2.7087000000000003, 2.9741000000000004, 3.0232, 2.9072], [1.4971, 1.6706, 1.8034, 1.0852, 1.1329, 0.7715000000000001, 1.3243, 1.6115, 1.3733, 1.1606999999999998, 0.9497, 0.9623999999999999, 1.9051999999999998, 1.4754, 3.7268, 4.1203, 2.3106, 1.1234, 1.076, 0.319, 0.4804, 2.8510999999999997, 2.3487999999999998, 0, 0.6184000000000001, 0.7353000000000001, 0.5353, 1.6187, 3.1535, 3.7411000000000003, 2.3175, 1.854, 2.5218, 2.3258, 2.5912, 2.1262, 1.8466], [1.3571, 1.5306, 1.6634, 1.0550000000000002, 0.9929, 0.7413000000000001, 1.1843, 1.4714999999999998, 1.2332999999999998, 1.0207, 0.9301, 0.9428, 1.8856, 1.4558, 3.5868, 3.9803, 2.1706, 1.1038000000000001, 0.4576, 0.2994, 0.4502, 2.7111, 2.2088, 0.6184000000000001, 0, 0.1169, 0.3953, 1.5885000000000002, 3.0135, 3.6010999999999997, 2.1775, 1.714, 2.3818, 2.1858, 2.4512, 2.096, 1.8164000000000002], [1.2402, 1.4137, 1.5465, 0.9381, 0.876, 0.6244000000000001, 1.0674, 1.3546, 1.1164, 0.9037999999999999, 1.0470000000000002, 1.0596999999999999, 2.0025, 1.5612, 3.4699, 3.8634, 2.0537, 1.2207000000000001, 0.5745, 0.4163, 0.3333, 2.5942, 2.0919, 0.7353000000000001, 0.1169, 0, 0.2784, 1.4716, 2.8966, 3.4842, 2.0606, 1.5971, 2.2649, 2.0689, 2.3343000000000003, 1.9791, 1.6995], [0.9618, 1.1353, 1.2681, 0.6597, 0.5976, 0.34600000000000003, 0.789, 1.0762, 0.838, 0.6254, 0.847, 0.8596999999999999, 1.8024999999999998, 1.2828, 3.1915, 3.585, 1.7752999999999999, 1.0207, 0.8529, 0.2163, 0.0549, 2.3158, 1.8135, 0.5353, 0.3953, 0.2784, 0, 1.1932, 2.6182, 3.2058, 1.7822, 1.3187, 1.9865, 1.7905, 2.0559, 1.7007, 1.4211], [1.2801, 1.4536, 1.3444, 0.5335, 1.1635, 0.8472, 1.3549, 1.6421000000000001, 1.5274, 1.7400000000000002, 1.9304000000000001, 1.9431, 2.8859, 2.4561, 3.7574, 2.7392, 2.8899, 2.1041000000000003, 2.0461, 1.2997, 1.1383, 3.1816, 2.6793, 1.6187, 1.5885, 1.4716, 1.1932, 0, 2.9050000000000002, 3.4486, 2.1005000000000003, 1.637, 2.0628, 1.8668, 2.1322, 0.5075000000000001, 0.2279], [2.1814999999999998, 2.3549999999999995, 1.5606, 2.6506, 2.0206, 2.4297, 2.2119999999999997, 2.4991999999999996, 2.3845, 2.5971, 3.4652, 3.4779, 4.4207, 3.901, 4.6145, 5.008, 3.747, 3.6389, 3.4711, 2.8345, 2.6731, 4.0387, 3.5364, 3.1534999999999997, 3.0134999999999996, 2.8966, 2.6182, 2.905, 0, 3.6648, 3.0019, 2.5383999999999998, 2.279, 2.083, 2.3484000000000003, 2.3975, 2.6771], [2.2439999999999998, 2.4174999999999995, 2.1042, 3.2381999999999995, 2.6081999999999996, 3.0172999999999996, 2.5181, 2.2309, 2.6659, 2.8785000000000003, 4.0527999999999995, 4.065499999999999, 5.008299999999999, 4.3399, 5.1052, 5.595599999999999, 4.0284, 4.2265, 4.0587, 3.4220999999999995, 3.2606999999999995, 3.4726, 3.2833, 3.7410999999999994, 3.6010999999999997, 3.4841999999999995, 3.2057999999999995, 3.4486, 3.6648, 0, 2.3506, 1.8871, 2.8226, 2.6266, 2.892, 2.9411, 3.2207], [0.8222, 0.7754, 1.4431, 1.8164000000000002, 1.1864000000000001, 1.5955000000000001, 1.0962999999999998, 0.8090999999999999, 1.2441, 1.4567, 2.6310000000000002, 2.6437, 3.5865, 2.9181, 3.6834000000000002, 4.1738, 2.6066000000000003, 2.8047000000000004, 2.6369000000000007, 2.0003, 1.8389000000000002, 2.0507999999999997, 1.8615, 2.3193, 2.1793000000000005, 2.0624000000000002, 1.7840000000000003, 2.1023, 3.0037000000000003, 2.3524, 0, 0.4653, 2.1615, 1.9655, 2.2309, 2.2800000000000002, 2.3302], [0.3569, 0.5304, 0.9778, 1.3511000000000002, 0.7211000000000001, 1.1302, 0.631, 0.3438, 0.7787999999999999, 0.9914, 2.1657, 2.1784, 3.1212, 2.4528, 3.2181, 3.7085, 2.1412999999999998, 2.3394000000000004, 2.1716, 1.5350000000000001, 1.3736000000000002, 1.5855, 1.3961999999999999, 1.854, 1.7140000000000002, 1.5971000000000002, 1.3187000000000002, 1.637, 2.5384, 1.8871, 0.4635, 0, 1.6962000000000002, 1.5002, 1.7656, 1.8147, 1.8649], [1.3393000000000002, 1.5128000000000001, 0.7184, 2.0189, 1.3889, 1.798, 1.5803, 1.8675000000000002, 1.7528000000000001, 1.9654000000000003, 2.8335, 2.8461999999999996, 3.7889999999999997, 3.2693, 3.9828, 4.3763000000000005, 3.1153000000000004, 3.0072, 2.8394000000000004, 2.2028, 2.0414, 3.2817, 2.9047, 2.5218, 2.3818, 2.2649, 1.9865, 2.0628, 2.279, 2.8226, 2.1597, 1.6962000000000002, 0, 0.5295, 0.7948999999999999, 1.5553, 1.8349], [1.1433, 1.3168, 0.5224, 1.8228999999999997, 1.1928999999999998, 1.6019999999999999, 1.3842999999999999, 1.6715, 1.5568, 1.7694, 2.6374999999999997, 2.6502, 3.593, 3.0732999999999997, 3.7868, 4.1803, 2.9193, 2.8112, 2.6433999999999997, 2.0067999999999997, 1.8453999999999997, 3.0857, 2.7087, 2.3257999999999996, 2.1857999999999995, 2.0688999999999997, 1.7904999999999998, 1.8668, 2.083, 2.6266, 1.9637, 1.5002, 0.5295, 0, 0.2654, 1.3593, 1.6389], [1.4087, 1.5822, 0.7878000000000001, 2.0883, 1.4583, 1.8674, 1.6497, 1.9369, 1.8222, 2.0348, 2.9029, 2.9155999999999995, 3.8583999999999996, 3.3387, 4.0522, 4.4457, 3.1847000000000003, 3.0766, 2.9088000000000003, 2.2721999999999998, 2.1108, 3.3510999999999997, 2.9741, 2.5911999999999997, 2.4512, 2.3343, 2.0559, 2.1322, 2.3484, 2.8920000000000003, 2.2291, 1.7656, 0.7948999999999999, 0.2654, 0, 1.6247, 1.9043], [1.4578, 1.6313, 0.8369, 1.041, 1.5074, 1.3546999999999998, 1.6988, 1.9860000000000002, 1.8713000000000002, 2.0839000000000003, 2.4379, 2.4505999999999997, 3.3933999999999997, 2.9636, 4.1013, 3.2466999999999997, 3.2338000000000005, 2.6116, 2.5536000000000003, 1.8072, 1.6458, 3.4002, 3.0232, 2.1262, 2.096, 1.9790999999999999, 1.7006999999999999, 0.5075000000000001, 2.3975, 2.9411, 2.2782, 1.8147, 1.5553, 1.3593, 1.6247, 0, 0.2796], [1.508, 1.6815, 1.1165, 0.7614, 1.3914, 1.0751, 1.5828, 1.87, 1.7553, 1.9679000000000002, 2.1583, 2.1710000000000003, 3.1138000000000003, 2.684, 3.9853, 2.9671, 3.1178, 2.3320000000000003, 2.274, 1.5276, 1.3662, 3.4095, 2.9072, 1.8466, 1.8164, 1.6995, 1.4211, 0.2279, 2.6771000000000003, 3.2207, 2.3284000000000002, 1.8649, 1.8349000000000002, 1.6389, 1.9043, 0.2796, 0]]\n",
      "(37, 37)\n",
      "37\n",
      "number_of_edges =  58\n",
      "edge_pairs =  [[0, 1], [0, 2], [0, 4], [0, 27], [0, 31], [1, 30], [2, 4], [2, 28], [2, 29], [2, 32], [2, 33], [2, 35], [3, 4], [3, 5], [3, 27], [4, 5], [4, 6], [4, 8], [4, 14], [4, 15], [4, 26], [4, 28], [5, 20], [6, 7], [7, 8], [7, 22], [7, 31], [8, 9], [8, 22], [9, 13], [9, 16], [9, 22], [9, 26], [10, 11], [10, 12], [10, 13], [10, 17], [10, 19], [11, 12], [11, 19], [13, 26], [14, 31], [15, 27], [18, 24], [19, 20], [19, 23], [19, 24], [20, 26], [21, 22], [21, 31], [24, 25], [25, 26], [27, 36], [29, 31], [30, 31], [32, 33], [33, 34], [35, 36]]\n",
      "edge_weights =  [0.1735, 0.6209, 0.3642, 1.2801, 0.3569, 0.7754, 0.6705, 1.5606, 2.1042, 0.7184, 0.5224, 0.8369, 0.63, 0.3137, 0.5335, 0.4091, 0.1914, 0.3639, 2.5939, 2.9874, 0.5976, 2.0206, 0.2911, 0.2872, 0.435, 1.0524, 0.3438, 0.2126, 1.1519, 1.4614, 1.1499, 1.1881, 0.6254, 0.2957, 1.0537, 0.5257, 0.1737, 0.6307, 0.9428, 0.6434, 1.2828, 3.2181, 2.7392, 0.4576, 0.1614, 0.319, 0.2994, 0.0549, 0.5023, 1.5855, 0.1169, 0.2784, 0.2279, 1.8871, 0.4653, 0.5295, 0.2654, 0.2796]\n",
      "controllers =  [[4], [4, 15], [6, 14, 15], [0, 5, 14, 15], [2, 14, 15, 20, 31], [2, 8, 10, 14, 15, 22]]\n",
      "switches =  [0, 1, 2, 3, 5, 6, 7, 8, 9, 10, 11, 12, 13, 14, 15, 16, 17, 18, 19, 20, 21, 22, 23, 24, 25, 26, 27, 28, 29, 30, 31, 32, 33, 34, 35, 36]\n",
      "all_pairs_1 =  [[4, 0], [4, 1], [4, 2], [4, 3], [4, 5], [4, 6], [4, 7], [4, 8], [4, 9], [4, 10], [4, 11], [4, 12], [4, 13], [4, 14], [4, 15], [4, 16], [4, 17], [4, 18], [4, 19], [4, 20], [4, 21], [4, 22], [4, 23], [4, 24], [4, 25], [4, 26], [4, 27], [4, 28], [4, 29], [4, 30], [4, 31], [4, 32], [4, 33], [4, 34], [4, 35], [4, 36]]\n",
      "bea_val =  18\n",
      "bea_val_list =  [18, 18]\n",
      "con_swi =  [[], []]\n",
      "con_dist =  [[0.3642, 3.3516], [0.5377000000000001, 3.5251], [0.6705, 3.6579], [0.63, 3.2727], [0.4091, 3.3965], [0.1914, 3.1788], [0.4786, 3.4659999999999997], [0.3639, 3.3513], [0.5765, 3.5639000000000003], [1.4445999999999999, 4.432], [1.4573, 4.4447], [2.4001, 5.3875], [1.8803999999999998, 4.8678], [2.5939, 5.581300000000001], [1.7264, 4.7138], [1.6182999999999998, 4.605700000000001], [1.4505, 4.4379], [0.8139, 3.8013], [0.6525, 3.6399], [2.0181, 5.0055], [1.5158, 4.5032], [1.1329, 4.1203], [0.9929, 3.9802999999999997], [0.876, 3.8634], [0.5976, 3.585], [1.1635, 2.7392], [2.0206, 5.008], [2.6082, 5.5956], [1.1846, 4.172], [0.7211000000000001, 3.7085], [1.3889, 4.3763000000000005], [1.1928999999999998, 4.1803], [1.4583, 4.4456999999999995], [1.5074, 3.2466999999999997], [1.3914, 2.9671]]\n",
      "con_swi =  [[0, 1, 2, 3, 5, 6, 7, 8, 9, 10, 11, 12, 13, 14, 16, 17, 18, 19], [20, 21, 22, 23, 24, 25, 26, 27, 28, 29, 30, 31, 32, 33, 34, 35, 36]]\n",
      "bea_val =  12\n",
      "bea_val_list =  [12, 12, 12]\n",
      "con_swi =  [[], [], []]\n",
      "con_dist =  [[0.5556, 2.9581, 3.3516], [0.7291, 3.1315999999999997, 3.5251], [0.8619, 3.2644, 3.6579], [0.8214, 3.2239, 3.2727], [0.1914, 2.5939, 2.9874], [0.6005, 3.003, 3.3965], [0.2872, 3.0725, 3.4659999999999997], [0.5553, 2.9578, 3.3513], [0.7679, 3.1704000000000003, 3.5639000000000003], [1.6360000000000001, 4.0385, 4.432], [1.6487, 4.0512, 4.4447], [2.5915, 4.994, 5.3875], [2.0718, 4.4742999999999995, 4.8678], [1.9178, 4.3203000000000005, 4.7138], [1.8097, 4.2122, 4.605700000000001], [1.6419000000000001, 4.0444, 4.4379], [1.0053, 3.4078, 3.8013], [0.8439, 3.2464, 3.6399], [1.8418999999999999, 4.612, 5.0055], [1.3396, 4.1097, 4.5032], [1.3243, 3.7268, 4.1203], [1.1843000000000001, 3.5868, 3.9802999999999997], [1.0674000000000001, 3.4699, 3.8634], [0.789, 3.1915, 3.585], [1.3549, 3.7574, 2.7392], [2.2119999999999997, 4.6145, 5.008], [2.5181, 5.1052, 5.5956], [1.0945, 3.6816000000000004, 4.172], [0.631, 3.2181, 3.7085], [1.5803, 3.9828, 4.3763000000000005], [1.3843, 3.7868000000000004, 4.1803], [1.6497000000000002, 4.0522, 4.4456999999999995], [1.6987999999999999, 4.1013, 3.2466999999999997], [1.5828, 3.9853, 2.9671]]\n",
      "con_swi =  [[0, 1, 2, 3, 4, 5, 7, 8, 9, 10, 11, 12], [13, 16, 17, 18, 19, 20, 21, 22, 23, 24, 25, 26], [27, 28, 29, 30, 31, 32, 33, 34, 35, 36]]\n",
      "bea_val =  9\n",
      "bea_val_list =  [9, 9, 9, 9]\n",
      "con_swi =  [[], [], [], []]\n",
      "con_dist =  [[0.1735, 0.9468000000000001, 3.1315999999999997, 3.5251], [0.6209, 1.0796000000000001, 3.2644, 3.6579], [0.9942, 0.3137, 3.2239, 3.2727], [0.3642, 0.4091, 2.5939, 2.9874], [0.5556, 0.6005, 2.7853, 3.1788], [0.7007, 0.8877, 3.0725, 3.4659999999999997], [0.7281, 0.773, 2.9578, 3.3513], [0.9407, 0.9714, 3.1704000000000003, 3.5639000000000003], [1.8088, 1.0832000000000002, 4.0385, 4.432], [1.8215, 1.0958999999999999, 4.0512, 4.4447], [2.7643, 2.0387, 4.994, 5.3875], [2.2446, 1.6089000000000002, 4.4742999999999995, 4.8678], [2.0906, 2.1212999999999997, 4.3203000000000005, 4.7138], [1.9825, 1.2569000000000001, 4.2122, 4.605700000000001], [1.8147, 1.1989, 4.0444, 4.4379], [1.1781, 0.4525, 3.4078, 3.8013], [1.0167, 0.2911, 3.2464, 3.6399], [1.9424, 2.4272, 4.612, 5.0055], [1.7530999999999999, 1.9249, 4.1097, 4.5032], [1.4970999999999999, 0.7715000000000001, 3.7268, 4.1203], [1.3571, 0.7413000000000001, 3.5868, 3.9802999999999997], [1.2402, 0.6244000000000001, 3.4699, 3.8634], [0.9618, 0.34600000000000003, 3.1915, 3.585], [1.2801, 0.8472, 3.7574, 2.7392], [2.1814999999999998, 2.4297, 4.6145, 5.008], [2.2439999999999998, 3.0173, 5.1052, 5.5956], [0.8204, 1.5937000000000001, 3.6816000000000004, 4.172], [0.3569, 1.1302, 3.2181, 3.7085], [1.3393000000000002, 1.798, 3.9828, 4.3763000000000005], [1.1433, 1.602, 3.7868000000000004, 4.1803], [1.4087, 1.8674000000000002, 4.0522, 4.4456999999999995], [1.4578, 1.3547, 4.1013, 3.2466999999999997], [1.508, 1.0751, 3.9853, 2.9671]]\n",
      "con_swi =  [[1, 2, 4, 6, 7, 8, 9, 16, 21], [3, 10, 11, 12, 13, 17, 18, 19, 20], [22, 23, 24, 25, 26, 27, 28, 29, 30], [31, 32, 33, 34, 35, 36]]\n",
      "bea_val =  7\n",
      "bea_val_list =  [7, 7, 7, 7, 7]\n",
      "con_swi =  [[], [], [], [], []]\n",
      "con_dist =  [[0.6209, 2.9581, 3.3516, 1.0167, 0.3569], [0.7944, 3.1315999999999997, 3.5251, 1.1902, 0.5304], [1.3005, 3.2239, 3.2727, 0.6048, 1.3511000000000002], [0.6705, 2.5939, 2.9874, 0.6525, 0.7211000000000001], [1.0796000000000001, 3.003, 3.3965, 0.2911, 1.1302], [0.8619, 2.7853, 3.1788, 0.8439, 0.631], [1.1491, 3.0725, 3.4659999999999997, 1.1311, 0.3438], [1.0344, 2.9578, 3.3513, 0.8928999999999999, 0.7787999999999999], [1.2469999999999999, 3.1704000000000003, 3.5639000000000003, 0.6802999999999999, 0.9914], [2.1151, 4.0385, 4.432, 0.7921, 2.1657], [2.1277999999999997, 4.0512, 4.4447, 0.8048, 2.1784], [3.0705999999999998, 4.994, 5.3875, 1.7475999999999998, 3.1212], [2.5509, 4.4742999999999995, 4.8678, 1.3178, 2.4528], [2.3968999999999996, 4.3203000000000005, 4.7138, 1.8301999999999998, 2.1412999999999998], [2.2888, 4.2122, 4.605700000000001, 0.9658, 2.3394000000000004], [2.121, 4.0444, 4.4379, 0.9077999999999999, 2.1716], [1.4844, 3.4078, 3.8013, 0.1614, 1.5350000000000001], [2.5633, 4.612, 5.0055, 2.3707, 1.5855], [2.1863, 4.1097, 4.5032, 1.8683999999999998, 1.3961999999999999], [1.8034, 3.7268, 4.1203, 0.4804, 1.854], [1.6634, 3.5868, 3.9802999999999997, 0.4502, 1.7140000000000002], [1.5465, 3.4699, 3.8634, 0.3333, 1.5971000000000002], [1.2681, 3.1915, 3.585, 0.0549, 1.3187000000000002], [1.3444, 3.7574, 2.7392, 1.1383, 1.637], [1.5606, 4.6145, 5.008, 2.6731, 2.5384], [2.1042, 5.1052, 5.5956, 3.2607, 1.8871], [1.4413, 3.6816000000000004, 4.172, 1.8371, 0.4635], [0.7184, 3.9828, 4.3763000000000005, 2.0414, 1.6962000000000002], [0.5224, 3.7868000000000004, 4.1803, 1.8454, 1.5002], [0.7878000000000001, 4.0522, 4.4456999999999995, 2.1108, 1.7656], [0.8369, 4.1013, 3.2466999999999997, 1.6458000000000002, 1.8147], [1.1165, 3.9853, 2.9671, 1.3662, 1.8649]]\n",
      "con_swi =  [[13, 16, 17, 18, 19, 23, 24], [25, 26, 27, 28, 29, 30, 32], [33, 34, 35, 36], [3, 4, 5, 9, 10, 11, 12], [0, 1, 6, 7, 8, 21, 22]]\n",
      "bea_val =  6\n",
      "bea_val_list =  [6, 6, 6, 6, 6, 6]\n",
      "con_swi =  [[], [], [], [], [], []]\n",
      "con_dist =  [[0.6209, 0.7281, 1.8088, 2.9581, 3.3516, 1.7530999999999999], [0.7944, 0.9016, 1.9823, 3.1315999999999997, 3.5251, 1.9265999999999999], [1.3005, 0.9939, 1.3969, 3.2239, 3.2727, 2.1458], [0.6705, 0.3639, 1.4445999999999999, 2.5939, 2.9874, 1.5158], [1.0796000000000001, 0.773, 1.0832000000000002, 3.003, 3.3965, 1.9249], [0.8619, 0.5553, 1.636, 2.7853, 3.1788, 1.3396], [1.1491, 0.435, 1.9232, 3.0725, 3.4659999999999997, 1.0524], [1.2469999999999999, 0.2126, 1.4724, 3.1704000000000003, 3.5639000000000003, 1.1881], [2.1277999999999997, 1.6977, 0.2957, 4.0512, 4.4447, 2.6731999999999996], [3.0705999999999998, 2.6405, 1.0537, 4.994, 5.3875, 3.6159999999999997], [2.5509, 1.674, 0.5257, 4.4742999999999995, 4.8678, 2.6494999999999997], [2.3968999999999996, 1.3624999999999998, 2.6223, 4.3203000000000005, 4.7138, 2.338], [2.2888, 1.8587, 0.1737, 4.2122, 4.605700000000001, 2.8342], [2.121, 1.6909, 1.3877000000000002, 4.0444, 4.4379, 2.6664000000000003], [1.4844, 1.0543, 0.6307, 3.4078, 3.8013, 2.0298], [1.323, 0.8928999999999999, 0.7921, 3.2464, 3.6399, 1.8683999999999998], [2.5633, 1.6542, 3.1628, 4.612, 5.0055, 0.5023], [1.8034, 1.3733, 0.9497, 3.7268, 4.1203, 2.3487999999999998], [1.6634, 1.2333, 0.9301, 3.5868, 3.9802999999999997, 2.2088], [1.5465, 1.1164, 1.0470000000000002, 3.4699, 3.8634, 2.0919], [1.2681, 0.838, 0.847, 3.1915, 3.585, 1.8135], [1.3444, 1.5274, 1.9304000000000001, 3.7574, 2.7392, 2.6793], [1.5606, 2.3845, 3.4652, 4.6145, 5.008, 3.5364], [2.1042, 2.6658999999999997, 4.0528, 5.1052, 5.5956, 3.2832999999999997], [1.4413, 1.2423, 2.6292, 3.6816000000000004, 4.172, 1.8597], [0.9778, 0.7787999999999999, 2.1657, 3.2181, 3.7085, 1.3961999999999999], [0.7184, 1.7528000000000001, 2.8335, 3.9828, 4.3763000000000005, 2.9047], [0.5224, 1.5568, 2.6375, 3.7868000000000004, 4.1803, 2.7087000000000003], [0.7878000000000001, 1.8222, 2.9029000000000003, 4.0522, 4.4456999999999995, 2.9741000000000004], [0.8369, 1.8713, 2.4379, 4.1013, 3.2466999999999997, 3.0232], [1.1165, 1.7553, 2.1583, 3.9853, 2.9671, 2.9072]]\n",
      "con_swi =  [[0, 1, 16, 20, 23, 24], [3, 4, 5, 6, 7, 9], [11, 12, 13, 17, 18, 19], [25, 26, 27, 28, 29, 30], [31, 32, 33, 34, 35, 36], [21]]\n",
      "switches_assigned =  [[[0, 1, 2, 3, 5, 6, 7, 8, 9, 10, 11, 12, 13, 14, 16, 17, 18, 19], [20, 21, 22, 23, 24, 25, 26, 27, 28, 29, 30, 31, 32, 33, 34, 35, 36]], [[0, 1, 2, 3, 4, 5, 7, 8, 9, 10, 11, 12], [13, 16, 17, 18, 19, 20, 21, 22, 23, 24, 25, 26], [27, 28, 29, 30, 31, 32, 33, 34, 35, 36]], [[1, 2, 4, 6, 7, 8, 9, 16, 21], [3, 10, 11, 12, 13, 17, 18, 19, 20], [22, 23, 24, 25, 26, 27, 28, 29, 30], [31, 32, 33, 34, 35, 36]], [[13, 16, 17, 18, 19, 23, 24], [25, 26, 27, 28, 29, 30, 32], [33, 34, 35, 36], [3, 4, 5, 9, 10, 11, 12], [0, 1, 6, 7, 8, 21, 22]], [[0, 1, 16, 20, 23, 24], [3, 4, 5, 6, 7, 9], [11, 12, 13, 17, 18, 19], [25, 26, 27, 28, 29, 30], [31, 32, 33, 34, 35, 36], [21]]]\n",
      "all_pairs_2 =  [[4, 0], [4, 1], [4, 2], [4, 3], [4, 5], [4, 6], [4, 7], [4, 8], [4, 9], [4, 10], [4, 11], [4, 12], [4, 13], [4, 14], [4, 16], [4, 17], [4, 18], [4, 19], [15, 20], [15, 21], [15, 22], [15, 23], [15, 24], [15, 25], [15, 26], [15, 27], [15, 28], [15, 29], [15, 30], [15, 31], [15, 32], [15, 33], [15, 34], [15, 35], [15, 36]]\n",
      "Length of all_pairs_2 =  35\n",
      "all_pairs_3 =  [[6, 0], [6, 1], [6, 2], [6, 3], [6, 4], [6, 5], [6, 7], [6, 8], [6, 9], [6, 10], [6, 11], [6, 12], [14, 13], [14, 16], [14, 17], [14, 18], [14, 19], [14, 20], [14, 21], [14, 22], [14, 23], [14, 24], [14, 25], [14, 26], [15, 27], [15, 28], [15, 29], [15, 30], [15, 31], [15, 32], [15, 33], [15, 34], [15, 35], [15, 36]]\n",
      "all_pairs_4 =  [[0, 1], [0, 2], [0, 4], [0, 6], [0, 7], [0, 8], [0, 9], [0, 16], [0, 21], [5, 3], [5, 10], [5, 11], [5, 12], [5, 13], [5, 17], [5, 18], [5, 19], [5, 20], [14, 22], [14, 23], [14, 24], [14, 25], [14, 26], [14, 27], [14, 28], [14, 29], [14, 30], [15, 31], [15, 32], [15, 33], [15, 34], [15, 35], [15, 36]]\n",
      "all_pairs_5 =  [[2, 13], [2, 16], [2, 17], [2, 18], [2, 19], [2, 23], [2, 24], [14, 25], [14, 26], [14, 27], [14, 28], [14, 29], [14, 30], [14, 32], [15, 33], [15, 34], [15, 35], [15, 36], [20, 3], [20, 4], [20, 5], [20, 9], [20, 10], [20, 11], [20, 12], [31, 0], [31, 1], [31, 6], [31, 7], [31, 8], [31, 21], [31, 22]]\n",
      "all_pairs_6 =  [[2, 0], [2, 1], [2, 16], [2, 20], [2, 23], [2, 24], [8, 3], [8, 4], [8, 5], [8, 6], [8, 7], [8, 9], [10, 11], [10, 12], [10, 13], [10, 17], [10, 18], [10, 19], [14, 25], [14, 26], [14, 27], [14, 28], [14, 29], [14, 30], [15, 31], [15, 32], [15, 33], [15, 34], [15, 35], [15, 36], [22, 21]]\n",
      "population =  [[9024, 19428, 3428, 53758, 64527, 44387, 25169, 10913, 14368, 22369, 7740, 1978, 39684, 60920, 31567, 6706, 24808, 31197, 55343, 6187, 21810, 63198, 24310, 7186, 33100, 53756, 62216, 31418, 60033, 1437, 28346, 47419, 63912, 23287, 37286, 49229, 281, 239, 27267, 64203, 40908, 6982, 58264, 58793, 780, 34648, 56766, 12280, 40259, 48770, 13765, 34092, 49264, 12776, 31546, 17438, 44074, 7744], [16057, 7019, 57869, 12747, 43635, 29479, 47986, 49773, 61059, 15023, 59830, 24757, 59927, 10649, 56489, 22439, 9867, 21035, 618, 8709, 21468, 34724, 81, 31515, 5419, 56313, 25271, 59805, 15348, 42203, 15367, 38913, 13706, 54141, 4942, 38500, 55369, 39785, 39247, 24766, 17508, 2433, 40534, 46962, 48550, 26242, 19080, 24475, 51366, 56224, 14490, 55045, 38232, 5024, 64521, 8739, 28783, 9191], [62374, 44951, 39355, 20397, 9416, 42393, 60232, 55298, 39101, 42574, 34194, 64751, 30615, 54391, 37448, 51654, 40114, 59640, 23732, 35844, 40451, 24871, 49548, 5039, 9853, 44802, 42846, 53265, 26183, 28140, 25394, 6898, 43739, 50518, 1060, 32025, 47018, 48967, 51440, 19016, 4364, 39841, 29053, 6738, 31911, 59554, 60582, 60290, 36820, 7508, 26194, 8137, 4417, 22333, 32713, 62884, 37154, 26732], [22873, 6370, 24395, 10166, 5847, 53551, 50896, 7837, 47852, 63568, 29325, 18435, 53094, 6194, 57483, 28853, 23012, 25400, 40500, 46160, 1364, 16715, 52279, 35485, 22964, 27073, 44320, 38954, 25818, 53842, 30856, 1339, 13034, 33653, 45753, 16324, 44939, 26792, 15248, 39688, 39384, 48359, 64740, 49506, 5124, 38994, 4548, 31919, 52938, 18, 16397, 1978, 49939, 33053, 6886, 34677, 64523, 42899], [33837, 20239, 54733, 15684, 13431, 23830, 56742, 42739, 45824, 7788, 29272, 27140, 10934, 24488, 25109, 33327, 28605, 53682, 47782, 11416, 45817, 18166, 25087, 15857, 45842, 12671, 27573, 21817, 25767, 21848, 60330, 23675, 63169, 15870, 49634, 60756, 28199, 14317, 37859, 23082, 54289, 30538, 45829, 2765, 47293, 22617, 37819, 25411, 61503, 41146, 13920, 51541, 1034, 45784, 36555, 26849, 13202, 4762], [4982, 29022, 26143, 3297, 30617, 52941, 13351, 59242, 48081, 39472, 7664, 16213, 61248, 28180, 63903, 48773, 48647, 31116, 26063, 55354, 9477, 22458, 20808, 59247, 45903, 16003, 17405, 62533, 19566, 5086, 28114, 38316, 26311, 61830, 2825, 21010, 21615, 57571, 36248, 15142, 59105, 4907, 57275, 44490, 10712, 25441, 49288, 7546, 35136, 26583, 343, 57706, 34229, 33200, 38349, 3039, 8923, 47844], [22266, 41954, 14792, 39635, 47627, 39156, 6942, 60713, 18257, 36317, 58468, 35627, 61286, 48939, 10606, 46358, 10705, 28194, 62267, 627, 7742, 5503, 20921, 5939, 40585, 17964, 41419, 54285, 17633, 38230, 3903, 16451, 58789, 46492, 8587, 55196, 22521, 55067, 9520, 7588, 65183, 50797, 39219, 10260, 27693, 19860, 41533, 10705, 36676, 27969, 37837, 21085, 13801, 54857, 30382, 4700, 38779, 15962], [578, 40807, 19104, 27238, 47059, 27876, 37324, 3559, 11016, 40824, 33529, 61977, 32869, 64814, 18775, 20995, 23803, 50840, 14843, 36288, 61026, 2374, 31855, 18463, 9837, 53644, 11229, 55657, 23344, 59384, 43804, 58287, 39399, 36032, 49319, 61703, 1013, 6466, 47528, 39407, 60371, 11382, 27455, 30573, 50119, 7626, 48232, 55342, 6534, 1991, 51515, 45082, 36801, 18416, 20520, 40363, 13855, 14503], [34064, 42507, 25086, 15610, 31879, 44114, 26571, 29410, 32123, 44687, 29198, 34598, 25552, 12534, 50962, 29446, 23234, 21301, 55431, 42188, 44496, 63747, 54759, 26865, 65486, 37215, 38793, 45917, 11615, 56447, 45990, 19333, 45106, 62435, 50208, 61049, 61164, 33830, 27622, 26223, 4906, 28216, 49416, 37509, 29257, 42305, 12744, 47886, 49468, 59164, 46195, 50506, 38340, 23910, 16050, 53342, 31472, 46646], [5310, 22504, 9649, 35375, 18416, 11712, 39929, 21708, 38314, 32842, 37723, 2503, 56375, 39838, 5678, 9925, 6547, 63432, 57760, 16435, 22873, 37467, 57744, 48404, 12321, 43635, 9988, 55130, 8202, 5342, 401, 53494, 17828, 24484, 42745, 43652, 49508, 18900, 49314, 47010, 20249, 33805, 9709, 53724, 35162, 29744, 55893, 9661, 37656, 9469, 39357, 16616, 25932, 49902, 61473, 10169, 15775, 33224]]\n",
      "0\n",
      "no_of_active_edges =  36.0\n",
      "total_no_of_edges =  58\n",
      "no_of_inactive_edges =  22.0\n",
      "1\n",
      "no_of_active_edges =  36.0\n",
      "total_no_of_edges =  58\n",
      "no_of_inactive_edges =  22.0\n",
      "2\n",
      "no_of_active_edges =  36.0\n",
      "total_no_of_edges =  58\n",
      "no_of_inactive_edges =  22.0\n",
      "3\n",
      "no_of_active_edges =  36.0\n",
      "total_no_of_edges =  58\n",
      "no_of_inactive_edges =  22.0\n",
      "4\n",
      "no_of_active_edges =  36.0\n",
      "total_no_of_edges =  58\n",
      "no_of_inactive_edges =  22.0\n",
      "5\n",
      "no_of_active_edges =  36.0\n",
      "total_no_of_edges =  58\n",
      "no_of_inactive_edges =  22.0\n",
      "6\n",
      "no_of_active_edges =  36.0\n",
      "total_no_of_edges =  58\n",
      "no_of_inactive_edges =  22.0\n",
      "7\n",
      "no_of_active_edges =  36.0\n",
      "total_no_of_edges =  58\n",
      "no_of_inactive_edges =  22.0\n",
      "8\n",
      "no_of_active_edges =  36.0\n",
      "total_no_of_edges =  58\n",
      "no_of_inactive_edges =  22.0\n",
      "9\n",
      "no_of_active_edges =  36.0\n",
      "total_no_of_edges =  58\n",
      "no_of_inactive_edges =  22.0\n",
      "scores =  [37.93103448275862, 37.93103448275862, 37.93103448275862, 37.93103448275862, 37.93103448275862, 37.93103448275862, 37.93103448275862, 37.93103448275862, 37.93103448275862, 37.93103448275862]\n",
      "graded_population =  [[62374, 44951, 39355, 20397, 9416, 42393, 60232, 55298, 39101, 42574, 34194, 64751, 30615, 54391, 37448, 51654, 40114, 59640, 23732, 35844, 40451, 24871, 49548, 5039, 9853, 44802, 42846, 53265, 26183, 28140, 25394, 6898, 43739, 50518, 1060, 32025, 47018, 48967, 51440, 19016, 4364, 39841, 29053, 6738, 31911, 59554, 60582, 60290, 36820, 7508, 26194, 8137, 4417, 22333, 32713, 62884, 37154, 26732], [34064, 42507, 25086, 15610, 31879, 44114, 26571, 29410, 32123, 44687, 29198, 34598, 25552, 12534, 50962, 29446, 23234, 21301, 55431, 42188, 44496, 63747, 54759, 26865, 65486, 37215, 38793, 45917, 11615, 56447, 45990, 19333, 45106, 62435, 50208, 61049, 61164, 33830, 27622, 26223, 4906, 28216, 49416, 37509, 29257, 42305, 12744, 47886, 49468, 59164, 46195, 50506, 38340, 23910, 16050, 53342, 31472, 46646], [33837, 20239, 54733, 15684, 13431, 23830, 56742, 42739, 45824, 7788, 29272, 27140, 10934, 24488, 25109, 33327, 28605, 53682, 47782, 11416, 45817, 18166, 25087, 15857, 45842, 12671, 27573, 21817, 25767, 21848, 60330, 23675, 63169, 15870, 49634, 60756, 28199, 14317, 37859, 23082, 54289, 30538, 45829, 2765, 47293, 22617, 37819, 25411, 61503, 41146, 13920, 51541, 1034, 45784, 36555, 26849, 13202, 4762], [22873, 6370, 24395, 10166, 5847, 53551, 50896, 7837, 47852, 63568, 29325, 18435, 53094, 6194, 57483, 28853, 23012, 25400, 40500, 46160, 1364, 16715, 52279, 35485, 22964, 27073, 44320, 38954, 25818, 53842, 30856, 1339, 13034, 33653, 45753, 16324, 44939, 26792, 15248, 39688, 39384, 48359, 64740, 49506, 5124, 38994, 4548, 31919, 52938, 18, 16397, 1978, 49939, 33053, 6886, 34677, 64523, 42899], [22266, 41954, 14792, 39635, 47627, 39156, 6942, 60713, 18257, 36317, 58468, 35627, 61286, 48939, 10606, 46358, 10705, 28194, 62267, 627, 7742, 5503, 20921, 5939, 40585, 17964, 41419, 54285, 17633, 38230, 3903, 16451, 58789, 46492, 8587, 55196, 22521, 55067, 9520, 7588, 65183, 50797, 39219, 10260, 27693, 19860, 41533, 10705, 36676, 27969, 37837, 21085, 13801, 54857, 30382, 4700, 38779, 15962], [16057, 7019, 57869, 12747, 43635, 29479, 47986, 49773, 61059, 15023, 59830, 24757, 59927, 10649, 56489, 22439, 9867, 21035, 618, 8709, 21468, 34724, 81, 31515, 5419, 56313, 25271, 59805, 15348, 42203, 15367, 38913, 13706, 54141, 4942, 38500, 55369, 39785, 39247, 24766, 17508, 2433, 40534, 46962, 48550, 26242, 19080, 24475, 51366, 56224, 14490, 55045, 38232, 5024, 64521, 8739, 28783, 9191], [9024, 19428, 3428, 53758, 64527, 44387, 25169, 10913, 14368, 22369, 7740, 1978, 39684, 60920, 31567, 6706, 24808, 31197, 55343, 6187, 21810, 63198, 24310, 7186, 33100, 53756, 62216, 31418, 60033, 1437, 28346, 47419, 63912, 23287, 37286, 49229, 281, 239, 27267, 64203, 40908, 6982, 58264, 58793, 780, 34648, 56766, 12280, 40259, 48770, 13765, 34092, 49264, 12776, 31546, 17438, 44074, 7744], [5310, 22504, 9649, 35375, 18416, 11712, 39929, 21708, 38314, 32842, 37723, 2503, 56375, 39838, 5678, 9925, 6547, 63432, 57760, 16435, 22873, 37467, 57744, 48404, 12321, 43635, 9988, 55130, 8202, 5342, 401, 53494, 17828, 24484, 42745, 43652, 49508, 18900, 49314, 47010, 20249, 33805, 9709, 53724, 35162, 29744, 55893, 9661, 37656, 9469, 39357, 16616, 25932, 49902, 61473, 10169, 15775, 33224], [4982, 29022, 26143, 3297, 30617, 52941, 13351, 59242, 48081, 39472, 7664, 16213, 61248, 28180, 63903, 48773, 48647, 31116, 26063, 55354, 9477, 22458, 20808, 59247, 45903, 16003, 17405, 62533, 19566, 5086, 28114, 38316, 26311, 61830, 2825, 21010, 21615, 57571, 36248, 15142, 59105, 4907, 57275, 44490, 10712, 25441, 49288, 7546, 35136, 26583, 343, 57706, 34229, 33200, 38349, 3039, 8923, 47844], [578, 40807, 19104, 27238, 47059, 27876, 37324, 3559, 11016, 40824, 33529, 61977, 32869, 64814, 18775, 20995, 23803, 50840, 14843, 36288, 61026, 2374, 31855, 18463, 9837, 53644, 11229, 55657, 23344, 59384, 43804, 58287, 39399, 36032, 49319, 61703, 1013, 6466, 47528, 39407, 60371, 11382, 27455, 30573, 50119, 7626, 48232, 55342, 6534, 1991, 51515, 45082, 36801, 18416, 20520, 40363, 13855, 14503]]\n",
      "0\n",
      "no_of_active_edges =  36.0\n",
      "total_no_of_edges =  58\n",
      "no_of_inactive_edges =  22.0\n",
      "1\n",
      "no_of_active_edges =  36.0\n",
      "total_no_of_edges =  58\n",
      "no_of_inactive_edges =  22.0\n",
      "2\n",
      "no_of_active_edges =  36.0\n",
      "total_no_of_edges =  58\n",
      "no_of_inactive_edges =  22.0\n",
      "3\n",
      "no_of_active_edges =  36.0\n",
      "total_no_of_edges =  58\n",
      "no_of_inactive_edges =  22.0\n",
      "4\n",
      "no_of_active_edges =  36.0\n",
      "total_no_of_edges =  58\n",
      "no_of_inactive_edges =  22.0\n",
      "5\n",
      "no_of_active_edges =  36.0\n",
      "total_no_of_edges =  58\n",
      "no_of_inactive_edges =  22.0\n",
      "6\n",
      "no_of_active_edges =  36.0\n",
      "total_no_of_edges =  58\n",
      "no_of_inactive_edges =  22.0\n",
      "7\n",
      "no_of_active_edges =  36.0\n",
      "total_no_of_edges =  58\n",
      "no_of_inactive_edges =  22.0\n",
      "8\n",
      "no_of_active_edges =  36.0\n",
      "total_no_of_edges =  58\n",
      "no_of_inactive_edges =  22.0\n",
      "9\n",
      "no_of_active_edges =  36.0\n",
      "total_no_of_edges =  58\n",
      "no_of_inactive_edges =  22.0\n",
      "scores =  [37.93103448275862, 37.93103448275862, 37.93103448275862, 37.93103448275862, 37.93103448275862, 37.93103448275862, 37.93103448275862, 37.93103448275862, 37.93103448275862, 37.93103448275862]\n",
