0    1050 1500 1800 2400 3300 3000 2400 3150 3900 3750 3450 3450 3600 
1050 0    600  750  1350 2400 1950 2700 3450 3300 2700 3300 3450 3600 
1500 600  0    1350 1950 1800 2550 3300 3600 2850 3300 3900 3750 3600 
1800 750  1350 0    600  1800 1200 1950 2700 2550 1950 2550 2700 2850 
2400 1350 1950 600  0    1200 600  1350 2100 1950 2550 2400 2400 2550 
3300 2400 1800 1800 1200 0    1800 2550 1800 1050 2700 2100 1950 1800 
3000 1950 2550 1200 600  1800 0    750  1500 1350 2400 1800 1800 1950 
2400 2700 3300 1950 1350 2550 750  0    750  1500 1650 1050 1050 1200 
3150 3450 3600 2700 2100 1800 1500 750  0    750  900  300  300  450  
3900 3300 2850 2550 1950 1050 1350 1500 750  0    1650 1050 1050 1200 
3750 2700 3300 1950 2550 2700 2400 1650 900  1650 0    600  750  900  
3450 3300 3900 2550 2400 2100 1800 1050 300  1050 600  0    450  300  
3450 3450 3750 2700 2400 1950 1800 1050 300  1050 750  450  0    150  
3600 3600 3600 2850 2550 1800 1950 1200 450  1200 900  300  150  0    
